robots
[[2,0,1,2],
 [2,2,0,1],
 [2,0,1,2],
 [0,1,2,2],
 [2,2,3,1],
 [2,3,2,0],
 [3,2,1,2],
 [2,3,2,0],
 [2,2,0,3],
 [2,3,0,2],
 [1,2,3,0],
 [0,3,1,2],
 [2,1,0,3],
 [1,3,2,0],
 [2,3,1,0],
 [2,1,0,3],
 [1,3,3,2],
 [3,2,1,3],
 [2,0,1,3],
 [0,1,3,2],
 [1,3,2,0],
 [0,2,0,3],
 [3,2,0,1],
 [0,1,2,0],
 [0,3,0,1],
 [0,3,1,0],
 [1,0,3,0],
 [3,0,0,1],
 [1,3,0,0],
 [0,3,0,1]]

stimuli
[[9,6,7,8],
 [8,9,6,7],
 [8,6,7,9],
 [6,7,8,9],
 [9,8,5,7],
 [8,5,9,6],
 [5,8,7,9],
 [9,5,8,6],
 [8,9,6,5],
 [9,5,6,8],
 [7,8,5,6],
 [6,5,7,8],
 [4,7,6,5],
 [7,5,4,6],
 [4,5,7,6],
 [4,3,6,5],
 [3,1,5,4],
 [1,4,3,5],
 [4,2,3,1],
 [2,3,1,4],
 [3,1,4,0],
 [2,4,0,1],
 [1,4,0,3],
 [0,3,4,2],
 [2,1,0,3],
 [2,1,3,0],
 [3,2,1,0],
 [1,2,0,3],
 [3,1,0,2],
 [0,1,2,3]]

sham
[[1,1,0,0],
 [1,1,1,1],
 [1,1,1,1],
 [1,1,1,0],
 [1,1,1,1],
 [1,0,1,0],
 [1,1,0,0],
 [1,1,1,0],
 [1,1,1,1],
 [1,1,1,0],
 [1,1,1,1],
 [1,1,1,1],
 [1,1,1,0],
 [1,1,1,0],
 [0,1,1,1],
 [1,1,1,1],
 [1,1,1,1],
 [1,1,1,0],
 [1,1,1,1],
 [1,0,0,1],
 [0,1,1,1],
 [1,1,1,1],
 [1,0,1,1],
 [1,1,1,1],
 [1,1,0,1],
 [1,0,1,0],
 [0,1,1,1],
 [0,0,1,1],
 [1,1,1,0],
 [1,1,1,1]]

